beam_id = 1
comp_width = 12
comp_method = 1
comp_param = 0
num_weights = 64
1 0
1 0
1 0
1 0
1 0
1 0
1 0
1 0
1 0
1 0
1 0
1 0
1 0
1 0
1 0
1 0
1 0
1 0
1 0
1 0
1 0
1 0
1 0
1 0
1 0
1 0
1 0
1 0
1 0
1 0
1 0
1 0
1 0
1 0
1 0
1 0
1 0
1 0
1 0
1 0
1 0
1 0
1 0
1 0
1 0
1 0
1 0
1 0
1 0
1 0
1 0
1 0
1 0
1 0
1 0
1 0
1 0
1 0
1 0
1 0
1 0
1 0
1 0
1 0
beam_id = 2
comp_width = 12
comp_method = 1
comp_param = 0
num_weights = 64
3258 4077
3258 4077
3258 4077
3258 4077
3258 4077
3258 4077
3258 4077
3258 4077
3258 4077
3258 4077
3258 4077
3258 4077
3258 4077
3258 4077
3258 4077
3258 4077
3258 4077
3258 4077
3258 4077
3258 4077
3258 4077
3258 4077
3258 4077
3258 4077
3258 4077
3258 4077
3258 4077
3258 4077
3258 4077
3258 4077
3258 4077
3258 4077
3258 4077
3258 4077
3258 4077
3258 4077
3258 4077
3258 4077
3258 4077
3258 4077
3258 4077
3258 4077
3258 4077
3258 4077
3258 4077
3258 4077
3258 4077
3258 4077
3258 4077
3258 4077
3258 4077
3258 4077
3258 4077
3258 4077
3258 4077
3258 4077
3258 4077
3258 4077
3258 4077
3258 4077
3258 4077
3258 4077
3258 4077
3258 4077
beam_id = 3
comp_width = 12
comp_method = 1
comp_param = 1
num_weights = 64
434 -118
41 84
328 154
-502 188
-43 -242
24 424
-444 172
91 -13
398 332
-41 45
155 -247
322 485
-506 -316
51 -81
205 163
-124 127
-467 429
-300 374
71 -290
50 -484
-20 -438
452 48
246 32
-477 133
-148 -5
-334 -505
260 500
492 267
-327 32
-326 390
-317 62
5 -271
-20 217
-409 -461
439 153
-432 -93
227 -492
467 -39
52 503
-418 416
-14 -240
424 -266
-251 404
-511 -66
-76 -324
-188 120
250 329
361 -282
35 464
-230 -38
105 -150
382 -180
-130 337
293 435
328 388
339 -198
-364 251
49 -103
144 50
343 -444
238 -357
188 -23
485 37
207 8
beam_id = 4
comp_width = 12
comp_method = 1
comp_param = 2
num_weights = 64
489 482
-418 -173
352 -86
210 178
-304 133
-6 -428
-40 309
-280 -300
-154 130
356 408
-39 424
135 117
101 -400
90 -374
319 -414
128 297
-444 222
-388 421
-375 334
87 -167
-45 -431
-83 428
390 149
-384 -276
-233 484
-379 241
396 268
-154 -15
380 448
124 187
-478 -260
-28 -410
474 97
-501 -413
-81 98
-68 387
180 361
303 58
-1 431
295 278
403 428
7 287
184 365
-239 52
301 397
-273 335
-375 212
438 -413
-203 449
-313 228
36 131
103 -296
-19 -106
274 492
-187 57
258 -296
-27 -246
504 -355
-393 -247
209 421
-362 449
244 -225
149 170
-126 458
beam_id = 5
comp_width = 12
comp_method = 1
comp_param = 3
num_weights = 64
73 174
-368 -307
-234 -152
186 172
-390 166
498 180
-88 -310
-359 178
-318 -201
298 -53
-504 207
97 457
-61 384
94 -402
-253 40
218 332
-297 362
-487 -19
-302 211
-359 -180
-135 -373
-512 290
-170 -358
-44 24
-47 -258
484 -39
461 69
-93 -111
-58 -511
-1 201
42 -295
21 257
-445 47
-274 -235
-254 -121
97 124
19 98
-98 361
252 370
-127 -307
-399 -155
166 -450
427 -439
-49 -143
-437 462
-454 117
-345 79
-138 -278
-386 100
-1 -127
491 -415
509 -2
195 -101
-153 -65
-243 233
140 -130
-434 -206
-67 505
-132 396
-150 -57
347 -92
-452 -510
500 -78
-275 -398
beam_id = 6
comp_width = 12
comp_method = 1
comp_param = 4
num_weights = 64
236 -13
-511 333
-16 0
16 395
359 463
-359 80
91 23
159 398
468 152
-246 353
-509 209
188 -89
269 190
-101 -321
427 14
-299 152
-511 -298
-27 -14
214 502
-131 62
453 22
-370 33
-466 301
-81 -510
-58 185
355 -55
-118 31
368 -361
-290 -244
-170 -375
282 43
289 283
257 -249
-243 -40
-259 139
-490 -318
-351 -348
227 -305
466 -366
-302 -104
331 -459
353 -299
85 209
-148 307
477 194
444 247
-275 222
19 495
485 288
-57 -286
-85 -35
-92 77
129 -376
284 83
-230 494
491 -410
-476 332
-197 121
30 168
-84 -5
-150 -152
-269 88
-442 262
71 -469
beam_id = 7
comp_width = 12
comp_method = 1
comp_param = 5
num_weights = 64
-498 -243
466 -21
178 31
-404 314
-197 192
-428 -214
171 -326
-178 -8
-10 455
-490 -354
-141 17
8 219
260 -416
290 10
167 333
-463 181
-421 -509
-352 269
34 -243
71 349
461 155
-377 120
342 -43
-400 -180
-100 -378
-22 271
152 498
-21 -100
-429 -243
423 250
-422 472
-80 -331
475 80
450 -3
349 9
-166 298
-347 -30
-93 507
439 19
-185 -172
154 305
-413 -206
291 78
206 374
347 117
113 438
77 -479
-405 40
113 -466
-475 -49
55 -128
-263 220
354 156
215 281
-336 -482
-403 330
335 -303
-388 115
287 330
-23 123
-64 -422
49 -499
-389 156
54 237
beam_id = 8
comp_width = 12
comp_method = 1
comp_param = 6
num_weights = 64
91 -324
-254 475
-75 478
317 -430
182 87
-254 212
196 -436
36 405
-312 -361
181 -494
128 -208
-46 219
353 -32
342 -3
-490 67
-312 113
255 -54
77 -331
-88 -118
-249 -418
481 9
307 166
85 -169
59 285
-18 -272
303 -402
32 -254
329 -127
226 160
383 248
-285 -441
-151 483
17 438
-360 441
-191 -97
-488 -222
424 331
456 -3
-350 4
-230 144
244 -439
254 -235
-181 72
150 -467
-280 21
293 -53
92 -369
-82 -403
-443 70
-473 -122
485 -449
169 397
394 113
-118 -468
-395 164
188 362
238 -70
-385 -455
-510 277
-409 -278
-213 396
182 391
-485 -412
501 -415
beam_id = 9
comp_width = 12
comp_method = 1
comp_param = 7
num_weights = 64
-484 -25
144 -421
-368 30
485 258
424 -495
375 77
205 225
-197 -377
352 -140
-374 118
-37 -140
417 -152
-470 296
-125 -369
285 -28
314 313
460 -54
404 -420
488 377
350 401
394 214
-34 87
-73 281
223 -232
-371 361
398 105
-291 303
465 -248
87 -172
-105 -139
313 -303
-338 261
155 -445
353 132
444 192
21 327
-106 499
-98 333
268 -387
-411 409
486 499
2 -316
290 -45
-52 -134
296 355
239 97
-460 413
-154 207
480 -313
-173 413
391 360
228 -227
347 -382
-405 103
-256 -304
1 -282
-316 -509
-86 486
-41 374
-160 -257
217 -433
352 269
493 -314
-35 461
beam_id = 10
comp_width = 12
comp_method = 1
comp_param = 15
num_weights = 64
304 362
-235 153
78 50
-12 209
157 -420
465 366
93 -329
-462 96
98 -488
-457 -40
-135 -202
-334 -56
-362 447
-75 -164
-100 -125
234 -307
-275 511
358 316
49 -166
13 -305
-74 -34
-451 -493
149 -401
116 -265
-377 171
208 0
482 386
457 -392
321 -130
-43 -290
257 -321
-85 495
-322 -239
299 239
107 -200
446 -478
278 507
-459 -85
-406 169
163 -270
-171 -141
242 -201
-267 187
-81 -458
-454 388
-236 315
-445 191
298 -255
464 85
497 60
397 431
94 163
427 147
-433 -491
-195 242
-249 146
-411 506
457 -166
181 -136
-112 239
-259 165
43 -192
-156 -171
66 -203